4S REACTOR FULL CORE - PSN K01-5 Var2 CR:Down
c --------------------------------Cell Cards-----------------------------------
c Fuel Pin (17%) Cell Cards
    1   100 -15.9669   -1 6 -7                                     u=1  imp:n=1
    2   110 -10.96     -1 -6                                       u=1  imp:n=1
    3   110 -10.96     -1 7                                        u=1  imp:n=1
    4   120 -0.166e-3  1 -2                                        u=1  imp:n=1
    5   200 -7.73395   2 -3                                        u=1  imp:n=1
    6   300 -0.845     3                                           u=1  imp:n=1
c Moderator Channel in Fuel Assembly (17%) Cell Cards
    7   300 -0.845     -14                                         u=2  imp:n=1
c Fuel Assembly (17%) Cell Cards
    8   0              -9 12 -8 11 -13 10          lat=2 u=3 fill=-9:9 -9:9 0:0
        2 2 2 2 2 2 2 2 2 2 2 2 2 2 2 2 2 2 2
        2 2 2 2 2 2 2 2 2 1 1 1 1 1 1 1 1 1 2
        2 2 2 2 2 2 2 2 1 1 1 1 1 1 1 1 1 1 2
        2 2 2 2 2 2 2 1 1 1 1 1 1 1 1 1 1 1 2
        2 2 2 2 2 2 1 1 1 1 1 1 1 1 1 1 1 1 2
        2 2 2 2 2 1 1 1 1 1 1 1 1 1 1 1 1 1 2
        2 2 2 2 1 1 1 1 1 1 1 1 1 1 1 1 1 1 2
        2 2 2 1 1 1 1 1 1 1 1 1 1 1 1 1 1 1 2
        2 2 1 1 1 1 1 1 1 1 1 1 1 1 1 1 1 1 2
        2 1 1 1 1 1 1 1 1 1 1 1 1 1 1 1 1 1 2
        2 1 1 1 1 1 1 1 1 1 1 1 1 1 1 1 1 2 2
        2 1 1 1 1 1 1 1 1 1 1 1 1 1 1 1 2 2 2
        2 1 1 1 1 1 1 1 1 1 1 1 1 1 1 2 2 2 2
        2 1 1 1 1 1 1 1 1 1 1 1 1 1 2 2 2 2 2
        2 1 1 1 1 1 1 1 1 1 1 1 1 2 2 2 2 2 2
        2 1 1 1 1 1 1 1 1 1 1 1 2 2 2 2 2 2 2
        2 1 1 1 1 1 1 1 1 1 1 2 2 2 2 2 2 2 2
        2 1 1 1 1 1 1 1 1 1 2 2 2 2 2 2 2 2 2
        2 2 2 2 2 2 2 2 2 2 2 2 2 2 2 2 2 2 2                           imp:n=1
    9   0              -21 24 -22 25 -23 26                 fill=3 u=4  imp:n=1
    10  400 -8.0       #9                                          u=4  imp:n=1
c Fuel Pin (19%) Cell Cards
    21  like 1 but mat=101                                         u=5  imp:n=1
    22  like 2 but                                                 u=5  imp:n=1
    23  like 3 but                                                 u=5  imp:n=1
    24  like 4 but                                                 u=5  imp:n=1
    25  like 5 but                                                 u=5  imp:n=1
    26  like 6 but                                                 u=5  imp:n=1
c Moderator Channel in Fuel Assembly (19%) Cell Cards
    27  like 7 but                                                 u=6  imp:n=1
c Fuel Assembly (19%) Cell Cards
    28  0              -9 12 -8 11 -13 10          lat=2 u=7 fill=-9:9 -9:9 0:0
        6 6 6 6 6 6 6 6 6 6 6 6 6 6 6 6 6 6 6
        6 6 6 6 6 6 6 6 6 5 5 5 5 5 5 5 5 5 6
        6 6 6 6 6 6 6 6 5 5 5 5 5 5 5 5 5 5 6
        6 6 6 6 6 6 6 5 5 5 5 5 5 5 5 5 5 5 6
        6 6 6 6 6 6 5 5 5 5 5 5 5 5 5 5 5 5 6
        6 6 6 6 6 5 5 5 5 5 5 5 5 5 5 5 5 5 6
        6 6 6 6 5 5 5 5 5 5 5 5 5 5 5 5 5 5 6
        6 6 6 5 5 5 5 5 5 5 5 5 5 5 5 5 5 5 6
        6 6 5 5 5 5 5 5 5 5 5 5 5 5 5 5 5 5 6
        6 5 5 5 5 5 5 5 5 5 5 5 5 5 5 5 5 5 6
        6 5 5 5 5 5 5 5 5 5 5 5 5 5 5 5 5 6 6
        6 5 5 5 5 5 5 5 5 5 5 5 5 5 5 5 6 6 6
        6 5 5 5 5 5 5 5 5 5 5 5 5 5 5 6 6 6 6
        6 5 5 5 5 5 5 5 5 5 5 5 5 5 6 6 6 6 6
        6 5 5 5 5 5 5 5 5 5 5 5 5 6 6 6 6 6 6
        6 5 5 5 5 5 5 5 5 5 5 5 6 6 6 6 6 6 6
        6 5 5 5 5 5 5 5 5 5 5 6 6 6 6 6 6 6 6
        6 5 5 5 5 5 5 5 5 5 6 6 6 6 6 6 6 6 6
        6 6 6 6 6 6 6 6 6 6 6 6 6 6 6 6 6 6 6                           imp:n=1
    29  like 9 but                                          fill=7 u=8  imp:n=1
    30  like 10 but                                                u=8  imp:n=1
c Control Rod (Fixed Absorber) Cell Cards
    31  500 -13.3      -71                                         u=9  imp:n=1
    32  300 -0.845     71 -21 24 -22 25 -23 26                     u=9  imp:n=1
    33  400 -8.0       #31 #32                                     u=9  imp:n=1
c Moderator Channel in Full Core Cell Cards
    40  300 -0.845     -40                                         u=10 imp:n=1
c Core Configuration Cell Cards
    50  0              -31 34 -32 35 -33 36       lat=2 u=11 fill=-3:3 -3:3 0:0
        10 10 10 10 10 10 10
        10 10 10  8  8  8 10
        10 10  8  4  4  8 10
        10  8  4  9  4  8 10
        10  8  4  4  8 10 10
        10  8  8  8 10 10 10
        10 10 10 10 10 10 10                                            imp:n=1
    60  0              -81 4 -5                             fill=11     imp:n=1
c Core Reflector Cell Cards
    70  600 -1.848     81 -91 4 -5                                      imp:n=1
    80  700 -2.52      91 -92 4 -5                                      imp:n=1
    99  0              #60 #70 #80                                      imp:n=0

c -------------------------------Surface Cards---------------------------------
c Fuel Pin Surface Cards
    1   cz 0.44                              $ Fuel Radius
    2   cz 0.45                              $ Inner Cladding Radius (fuel+gap)
    3   cz 0.5                               $ Outer Cladding Radius
    4   pz -125
    5   pz 125
    6   pz -100
    7   pz 100
    8   p  1 1.73205 0 1.3                   $ Pitch=1.3
    9   px 0.65                              $ Pitch/2=0.65
    10  p  -1 1.73205 0 -1.3
    11  p  1 1.73205 0 -1.3
    12  px -0.65
    13  p  -1 1.73205 0 1.3
    14 cz 1.4
c Fuel Assembly Surface Cards
    21  py 9.75721955                        $ Pitch/2=9.75721955
    22  p  1.73205 1 0 19.5144391            $ Pitch=19.5144391
    23  p  1.73205 -1 0 19.5144391
    24  py -9.75721955
    25  p  1.73205 1 0 -19.5144391
    26  p  1.73205 -1 0 -19.5144391
    31  py 10.75721955                       $ Pitch/2=10.75721955
    32  p  1.73205 1 0 21.5144391            $ Pitch=21.5144391
    33  p  1.73205 -1 0 21.5144391
    34  py -10.75721955
    35  p  1.73205 1 0 -21.5144391
    36  p  1.73205 -1 0 -21.5144391
    40  cz 15.0
c Control Rod (Fixed Absorber) Surface Cards
    71  cz 8.0                               $ Control Rod Radius = 8 cm
c Full Core Surface Cards
    81  cz 54.787                            $ Window of Inner Core
    91  cz 59.787                            $ Reflector Thickness = 5 cm
    92  cz 63.787                            $ Shielding Thickness = 4 cm

c --------------------------------Data Cards-----------------------------------
c Material Cards
m100  92234 -0.00156046  92235 -0.15334      $ Fuel U-10Zr 17%
      92236 -0.00114554  92238 -0.745954
      40000 -0.098
m101  92234 -0.00156046  92235 -0.17138      $ Fuel U-10Zr 19%
      92236 -0.00114554  92238 -0.727914
      40000 -0.098
m102  92234 -0.00156046  92235 -0.07216      $ Fuel U-10Zr 8%
      92236 -0.00114554  92238 -0.827134
      40000 -0.098
m103  92234 -0.00156046  92235 -0.0902       $ Fuel U-10Zr 10%
      92236 -0.00114554  92238 -0.809094
      40000 -0.098
m110  92234 -0.000235    92236 -0.000122     $ Blanket Depleted UO2
      92238 -0.88111     8016  -0.118533
m120  2004  -1.0                             $ Gap Helium (He)
m200  6000  -0.0018      13027 -0.0001       $ Cladding HT-9
      14000 -0.0025      15031 -0.00005
      16032 -0.00003     23000 -0.003
      24000 -0.1199      25055 -0.0059
      26000 -0.84534     28000 -0.0059
      41093 -0.00008     42000 -0.01
      74000 -0.0054
m300  11023 -1.0                             $ Coolant Sodium (Na)
m400  6000  -0.00041     14000 -0.00507      $ Wrapper/Cladding SS316
      15031 -0.00023     16000 -0.00015
      24000 -0.17        25055 -0.01014
      26000 -0.669       28000 -0.12
      42000 -0.025
m500  72000 -1.0                             $ Absorber Hafnium (Hf)
m600  4009  -1.0                             $ Reflector Beryllium (Be)
mt600 be
m700  5010  -0.156522    5011  -0.626088     $ Shielding Boron Carbide (B4C)
      6000  -0.217390
mode  n
kcode 1000 1.0 10 110
sdef  pos 0 21.51443912 0   erg=1.0   par=1
